impact_param boundaries: 
0, 1.335, 1.89371, 2.32014, 2.68108, 3.00253, 3.2944, 3.55934, 3.80784, 4.04217, 4.26566, 4.47856, 4.68294, 4.87969, 5.06917, 5.25367, 5.43113, 5.60268, 5.77192, 5.93645, 6.09194, 6.24903, 6.40258, 6.5542, 6.70134, 6.84737, 6.99032, 7.13131, 7.27106, 7.40772, 7.5428, 7.67665, 7.80682, 7.9365, 8.06518, 8.19109, 8.31726, 8.44252, 8.56544, 8.68606, 8.80826, 8.92762, 9.0468, 9.16479, 9.28131, 9.39716, 9.51364, 9.62942, 9.74352, 9.8562, 9.96875, 10.0808, 10.1919, 10.3021, 10.4123, 10.5215, 10.6317, 10.7399, 10.848, 10.9549, 11.061, 11.1673, 11.2743, 11.3803, 11.4854, 11.5895, 11.6943, 11.7974, 11.9004, 12.0047, 12.1074, 12.21, 12.3114, 12.4132, 12.5154, 12.6167, 12.7178, 12.8198, 12.9217, 13.0237, 13.1254, 13.2277, 13.3307, 13.4337, 13.5379, 13.6439, 13.7506, 13.8599, 13.9719, 14.0868, 14.2073, 14.3342, 14.4689, 14.6138, 14.7726, 14.9499, 15.154, 15.4001, 15.7247, 16.2457, 22.0365, 

npart boundaries: 
0, 2, 2, 2, 3, 3, 4, 4, 5, 5, 6, 7, 7, 8, 9, 10, 11, 12, 13, 15, 16, 17, 19, 20, 22, 23, 25, 27, 29, 31, 33, 35, 37, 40, 42, 45, 47, 50, 52, 55, 58, 61, 64, 67, 71, 74, 77, 81, 84, 88, 92, 96, 100, 104, 108, 112, 116, 121, 125, 130, 134, 139, 144, 149, 154, 159, 164, 169, 174, 180, 186, 191, 197, 203, 209, 215, 221, 228, 234, 241, 248, 254, 261, 268, 276, 283, 290, 298, 306, 314, 322, 330, 339, 347, 356, 365, 373, 382, 391, 399, 416, 

etfwd boundaries: 
0, 5.11436, 6.82116, 8.61069, 10.6986, 13.1534, 15.9731, 19.2984, 23.0885, 27.3933, 32.1424, 37.3307, 42.9363, 48.9151, 55.2541, 62.0744, 69.4368, 77.4306, 86.1495, 95.5445, 105.712, 116.656, 128.431, 141.042, 154.496, 168.915, 184.372, 200.609, 217.997, 236.239, 255.541, 276.198, 297.677, 320.296, 344.233, 369.012, 394.97, 422.331, 451.104, 480.992, 512.208, 544.859, 578.739, 613.906, 650.506, 688.248, 727.127, 767.754, 809.147, 852.835, 897.602, 943.61, 991.241, 1040.79, 1091.63, 1143.33, 1197.5, 1252.4, 1309.51, 1367.94, 1427.55, 1488.98, 1551.88, 1616.98, 1683.67, 1752.51, 1823, 1896.03, 1970.1, 2046.15, 2124.06, 2204.63, 2287.42, 2371.67, 2458.77, 2547.35, 2639.35, 2733.62, 2830.6, 2930.73, 3032.37, 3136.51, 3241.83, 3353.63, 3468.52, 3586.93, 3709.17, 3835.75, 3965.73, 4101.67, 4242.81, 4388.86, 4540.72, 4699.03, 4865.28, 5039.78, 5226.25, 5422.3, 5633.07, 5878.54, 6943.39, 

weighted_etfwd boundaries: 
0, 11739.2, 15654.5, 19613.1, 24143.5, 29336.2, 35370.2, 42363.9, 50287.8, 59137.4, 68935.6, 79537.1, 90837.7, 102851, 115471, 128828, 143042, 158385, 174788, 192525, 211470, 231767, 253370, 276399, 300838, 326663, 354014, 382816, 413348, 445176, 478617, 513990, 550615, 588978, 629088, 670499, 713483, 758589, 805319, 853898, 904025, 956071, 1.01012e+06, 1.06505e+06, 1.12223e+06, 1.18082e+06, 1.24104e+06, 1.30288e+06, 1.36541e+06, 1.43122e+06, 1.49834e+06, 1.56698e+06, 1.63748e+06, 1.70987e+06, 1.78388e+06, 1.85893e+06, 1.93628e+06, 2.01491e+06, 2.09604e+06, 2.17803e+06, 2.26183e+06, 2.34691e+06, 2.43351e+06, 2.52335e+06, 2.61443e+06, 2.70742e+06, 2.80207e+06, 2.90067e+06, 2.99883e+06, 3.09926e+06, 3.20251e+06, 3.30766e+06, 3.41527e+06, 3.52385e+06, 3.63609e+06, 3.7488e+06, 3.86618e+06, 3.98607e+06, 4.10802e+06, 4.23232e+06, 4.35921e+06, 4.48933e+06, 4.61831e+06, 4.7556e+06, 4.89676e+06, 5.04062e+06, 5.18859e+06, 5.34184e+06, 5.49871e+06, 5.66221e+06, 5.83003e+06, 6.0037e+06, 6.18425e+06, 6.37177e+06, 6.56923e+06, 6.77536e+06, 6.9952e+06, 7.2258e+06, 7.47596e+06, 7.77348e+06, 9.1408e+06, 

