impact_param boundaries: 
0, 1.33923, 1.88315, 2.30383, 2.66192, 2.97841, 3.26552, 3.52875, 3.77997, 4.0119, 4.23093, 4.43992, 4.6451, 4.84113, 5.03275, 5.21207, 5.38713, 5.56315, 5.73009, 5.89375, 6.05094, 6.2057, 6.35872, 6.50834, 6.65177, 6.79395, 6.94135, 7.08046, 7.22125, 7.35906, 7.49541, 7.62993, 7.76261, 7.89192, 8.01892, 8.14398, 8.26974, 8.39318, 8.5147, 8.63664, 8.75663, 8.87455, 8.99294, 9.10868, 9.22271, 9.33675, 9.44984, 9.56436, 9.67551, 9.78796, 9.89774, 10.0086, 10.1176, 10.228, 10.3356, 10.4441, 10.5498, 10.6562, 10.7629, 10.8674, 10.9744, 11.0789, 11.1813, 11.283, 11.3871, 11.4903, 11.594, 11.6971, 11.8007, 11.9038, 12.0064, 12.1079, 12.2094, 12.3108, 12.412, 12.5133, 12.6129, 12.7141, 12.815, 12.917, 13.0161, 13.1166, 13.218, 13.3211, 13.4262, 13.5315, 13.6385, 13.7474, 13.8586, 13.9724, 14.0951, 14.2216, 14.3577, 14.5003, 14.6598, 14.8392, 15.0424, 15.2929, 15.6167, 16.1433, 21.9645, 

npart boundaries: 
0, 2, 2, 3, 3, 4, 4, 5, 5, 6, 7, 8, 8, 9, 10, 11, 12, 13, 15, 16, 17, 19, 20, 22, 24, 25, 27, 29, 31, 33, 35, 37, 40, 42, 44, 47, 50, 52, 55, 58, 61, 64, 67, 70, 73, 76, 80, 83, 87, 91, 94, 98, 102, 106, 110, 114, 118, 123, 127, 131, 136, 141, 146, 151, 156, 161, 166, 171, 176, 182, 188, 193, 199, 205, 211, 217, 223, 230, 236, 243, 249, 256, 263, 270, 277, 285, 292, 300, 307, 315, 323, 332, 340, 348, 357, 365, 374, 382, 391, 399, 416, 

etfwd boundaries: 
0, 5.54708, 7.21016, 8.98578, 11.0435, 13.337, 15.954, 19.0791, 22.7241, 27, 32.1448, 38.0235, 44.3993, 51.4365, 58.7224, 66.6856, 75.2427, 84.4788, 94.2334, 104.76, 116.002, 128.007, 140.74, 154.235, 168.568, 184.204, 200.02, 217.438, 235.818, 255.29, 275.946, 297.239, 319.394, 342.751, 367.974, 394.363, 421.409, 448.757, 477.348, 507.756, 539.835, 572.683, 607.097, 642.638, 679.163, 717.225, 756.931, 797.664, 840.013, 882.887, 926.886, 972.536, 1019.82, 1068.7, 1119.03, 1170.86, 1224.6, 1278.93, 1335.58, 1393.22, 1454.89, 1516.39, 1579.89, 1645.05, 1712.32, 1780.17, 1852.13, 1924.61, 1997.93, 2075.12, 2155.59, 2236.32, 2317.95, 2403.33, 2491.36, 2580.14, 2671.36, 2766.06, 2861.08, 2958.6, 3059.27, 3164.08, 3270.61, 3382.2, 3495.27, 3610.97, 3736.55, 3861.21, 3993.45, 4129.28, 4268.02, 4410.35, 4561.6, 4718.5, 4883.63, 5056.67, 5237.46, 5432.22, 5635.61, 5882.16, 6840.46, 

weighted_etfwd boundaries: 
0, -inf, -inf, -inf, -inf, -inf, -inf, -inf, -inf, -inf, -inf, -inf, -inf, -inf, -inf, -inf, -inf, -inf, -inf, -inf, -inf, -inf, -inf, -inf, -inf, -inf, -inf, -inf, -inf, -inf, -inf, -inf, -inf, -inf, -inf, -inf, -inf, -inf, -1.13724e+34, -6.02537e+28, -4.40447e+23, -5.31944e+20, -7.3293e+15, -1.56886e+13, -4.01704e+12, -1.22712e+10, -5.06966e+07, -1.68521e+07, -9.59736e+06, 171998, 302476, 415896, 607376, 1.24363e+06, 3.23196e+08, 7.83689e+08, 2.63398e+11, 9.36727e+13, 3.87628e+16, 2.56068e+19, 1.92409e+22, 2.40332e+27, 3.77682e+32, 1.07017e+38, inf, inf, inf, inf, inf, inf, inf, inf, inf, inf, inf, inf, inf, inf, inf, inf, inf, inf, inf, inf, inf, inf, inf, inf, inf, inf, inf, inf, inf, inf, inf, inf, inf, inf, inf, inf, inf, 

