impact_param boundaries: 
0, 0.120012, 0.169102, 0.207011, 0.239101, 0.267617, 0.29301, 0.317311, 0.340034, 0.361401, 0.381573, 0.401311, 0.42063, 0.439168, 0.456983, 0.474204, 0.490996, 0.507371, 0.523408, 0.539409, 0.555046, 0.57052, 0.586177, 0.601584, 0.616924, 0.632009, 0.646914, 0.662181, 0.677024, 0.691948, 0.706653, 0.721426, 0.736005, 0.750453, 0.765111, 0.77958, 0.79467, 0.809288, 0.824122, 0.839083, 0.854082, 0.86962, 0.8852, 0.900525, 0.915707, 0.930915, 0.946112, 0.961501, 0.976992, 0.99299, 1.00875, 1.02487, 1.04128, 1.05808, 1.07474, 1.09208, 1.1092, 1.12711, 1.14468, 1.16279, 1.18052, 1.19873, 1.21761, 1.23662, 1.25634, 1.27632, 1.29697, 1.31739, 1.33817, 1.36002, 1.38259, 1.40541, 1.42901, 1.45373, 1.47822, 1.50374, 1.52985, 1.55722, 1.58505, 1.61446, 1.64424, 1.67627, 1.70981, 1.7441, 1.78129, 1.81967, 1.8614, 1.90588, 1.95244, 2.00308, 2.05806, 2.11862, 2.18385, 2.25862, 2.34323, 2.44164, 2.56287, 2.71498, 2.92831, 3.26949, 6.87153, 

npart boundaries: 
0, 2, 2, 2, 2, 2, 2, 2, 2, 2, 2, 2, 2, 2, 2, 2, 2, 2, 2, 2, 2, 2, 2, 2, 2, 2, 2, 2, 2, 2, 2, 2, 2, 2, 2, 2, 2, 2, 2, 2, 2, 2, 2, 2, 2, 2, 2, 2, 2, 2, 2, 2, 2, 2, 2, 2, 2, 2, 2, 2, 2, 2, 2, 2, 2, 2, 2, 2, 2, 2, 2, 2, 2, 2, 2, 2, 2, 2, 2, 2, 2, 2, 2, 2, 2, 2, 2, 2, 2, 2, 2, 2, 2, 2, 2, 2, 2, 2, 2, 2, 2, 

etfwd boundaries: 
0, 2.35329, 2.75327, 3.01951, 3.22637, 3.40121, 3.55025, 3.68295, 3.80975, 3.92285, 4.03217, 4.13439, 4.23084, 4.32169, 4.40993, 4.49559, 4.57729, 4.65683, 4.7351, 4.81125, 4.88658, 4.95796, 5.02769, 5.0969, 5.16778, 5.23582, 5.30351, 5.37016, 5.438, 5.50558, 5.57207, 5.63758, 5.7023, 5.76865, 5.8327, 5.89846, 5.96489, 6.02764, 6.09327, 6.15772, 6.22278, 6.28784, 6.35437, 6.42035, 6.48711, 6.55564, 6.62393, 6.69263, 6.76341, 6.8343, 6.90528, 6.97737, 7.05067, 7.1252, 7.20032, 7.27685, 7.35752, 7.43956, 7.5229, 7.60827, 7.69473, 7.78531, 7.87719, 7.9721, 8.07062, 8.17137, 8.2749, 8.3837, 8.49872, 8.61903, 8.74204, 8.87289, 9.01089, 9.15954, 9.3154, 9.48146, 9.66104, 9.85172, 10.0586, 10.2742, 10.5112, 10.772, 11.0545, 11.3727, 11.7133, 12.0832, 12.4992, 12.962, 13.4921, 14.1021, 14.7914, 15.5985, 16.5264, 17.6581, 19.0723, 20.7801, 23.0096, 26.0655, 30.3913, 37.9344, 108.184, 

weighted_etfwd boundaries: 
0, 3632.44, 4253.15, 4666.43, 4992.84, 5259.29, 5494.66, 5705.57, 5898.93, 6075.79, 6245.47, 6399.54, 6552.81, 6700.25, 6842.11, 6975.75, 7103.98, 7226.91, 7350.5, 7467.52, 7584.1, 7699.17, 7813.24, 7925.3, 8035.75, 8143.33, 8252.71, 8358.23, 8464.21, 8568.65, 8674.03, 8778.69, 8884.23, 8988.06, 9091.92, 9195.38, 9299.33, 9402.45, 9506.89, 9613.62, 9717.27, 9821.55, 9925.52, 10033.1, 10143.9, 10253.5, 10364.8, 10475.3, 10587.5, 10703, 10820.6, 10940.6, 11059.5, 11178.5, 11303.1, 11429.6, 11562.1, 11699.6, 11835.3, 11973.7, 12117.3, 12265.3, 12412.8, 12569.5, 12727.5, 12892.9, 13069.2, 13254.9, 13447.1, 13645.7, 13850.1, 14069.9, 14304.4, 14544.5, 14805.8, 15080, 15369.3, 15668, 15995.6, 16347.9, 16744.2, 17161.9, 17615, 18109.1, 18650.2, 19242.9, 19915.4, 20652.6, 21487.7, 22441.6, 23531.3, 24811.1, 26291, 28110.1, 30328.3, 32999.5, 36591, 41331.5, 48303.4, 60357.1, 345948, 

