impact_param boundaries: 
0, 1.23723, 1.79684, 2.25987, 2.6148, 2.97229, 3.32543, 3.59564, 3.81863, 4.0542, 4.27205, 4.46826, 4.65792, 4.86324, 5.04543, 5.21087, 5.40745, 5.60518, 5.77878, 5.95484, 6.10489, 6.24937, 6.40132, 6.53883, 6.6919, 6.86509, 6.99391, 7.13321, 7.26648, 7.39052, 7.51588, 7.64607, 7.78116, 7.91173, 8.0532, 8.17641, 8.30307, 8.42404, 8.54286, 8.66979, 8.81121, 8.93119, 9.05093, 9.14616, 9.27316, 9.40047, 9.50727, 9.60588, 9.70658, 9.81396, 9.93496, 10.0541, 10.1628, 10.2563, 10.3637, 10.4589, 10.5693, 10.6932, 10.7962, 10.8967, 11.0057, 11.1155, 11.224, 11.332, 11.4425, 11.5543, 11.6594, 11.7651, 11.8684, 11.957, 12.0528, 12.1455, 12.2632, 12.3829, 12.47, 12.5697, 12.6775, 12.7717, 12.8695, 12.966, 13.0584, 13.1713, 13.259, 13.3556, 13.4664, 13.5619, 13.65, 13.7568, 13.8636, 13.9956, 14.1232, 14.2526, 14.3806, 14.5065, 14.6592, 14.8351, 15.0558, 15.3043, 15.574, 16.1835, 19.4767, 

npart boundaries: 
0, 2, 2, 3, 3, 4, 4, 5, 5, 6, 7, 7, 8, 9, 10, 11, 12, 12, 14, 15, 16, 18, 19, 20, 22, 24, 26, 28, 29, 32, 34, 37, 39, 41, 43, 46, 48, 51, 54, 57, 60, 63, 66, 69, 72, 76, 79, 83, 86, 89, 93, 97, 101, 104, 108, 112, 117, 121, 125, 129, 134, 139, 144, 149, 154, 160, 165, 170, 176, 181, 187, 192, 198, 203, 208, 214, 221, 228, 234, 240, 248, 255, 261, 267, 276, 284, 293, 300, 307, 315, 322, 330, 338, 346, 355, 365, 375, 383, 391, 399, 413, 

etfwd boundaries: 
0, 16.0639, 22.592, 29.6527, 33.7994, 38.7097, 43.4471, 48.4597, 52.6346, 56.5059, 61.4495, 66.9282, 72.9599, 78.8666, 85.2234, 91.4958, 98.8398, 106.217, 114.711, 124.251, 136.198, 146.988, 157.652, 170.334, 182.424, 200.069, 217.364, 233.015, 252.561, 273.376, 293.998, 315.289, 335.133, 357.271, 385.19, 413.208, 439.952, 467.723, 494.832, 519.499, 550.073, 585.049, 621.929, 661.51, 695.407, 733.614, 772.944, 813.825, 851.18, 895.05, 937.129, 985.775, 1028.79, 1079.71, 1128.45, 1186.81, 1234.32, 1289.01, 1335.78, 1398.38, 1463.05, 1526.22, 1590.45, 1655.18, 1728.91, 1794.68, 1869.8, 1950.15, 2029.52, 2107.19, 2178.87, 2242.25, 2325.63, 2407.57, 2485.92, 2573.19, 2666.99, 2774.43, 2857.28, 2947.01, 3058.17, 3154.23, 3254.72, 3373.94, 3516.05, 3648.63, 3767.72, 3901.28, 4013.88, 4145.73, 4278.98, 4425.03, 4572.48, 4711.18, 4875.65, 5070.22, 5273.8, 5470.77, 5721.85, 5964.02, 6621.57, 

weighted_etfwd boundaries: 
0, 0.0127649, 0.0198556, 0.0263334, 0.0330468, 0.0406475, 0.0510277, 0.0656173, 0.0830539, 0.104681, 0.131375, 0.162298, 0.20121, 0.238769, 0.292045, 0.357435, 0.426637, 0.52687, 0.632886, 0.7731, 0.945153, 1.1476, 1.35345, 1.63088, 1.96868, 2.3304, 2.80508, 3.3707, 3.9347, 4.63453, 5.53095, 6.43827, 7.59618, 8.64887, 9.94252, 11.3605, 13.1589, 15.1749, 17.3286, 19.8038, 22.6986, 25.9103, 28.6189, 33.446, 37.1954, 41.4928, 46.4366, 51.5789, 57.3869, 63.6095, 70.5482, 78.0494, 85.7955, 95.6095, 104.179, 115.85, 126.879, 141.103, 152.981, 167.351, 185.125, 201.458, 220.599, 238.871, 260.551, 285.336, 310.28, 335.76, 361.031, 392.74, 416.84, 453.466, 487.758, 518.589, 558.04, 600.315, 646.919, 699.996, 750.087, 805.08, 862.286, 914.473, 979.586, 1059.81, 1148.58, 1236.15, 1331.25, 1415.8, 1501.53, 1588.81, 1711.3, 1829.37, 1961.37, 2090.06, 2243.54, 2394.95, 2595, 2778.21, 3015.18, 3296.13, 4395.37, 

