impact_param boundaries: 
0, 0.118524, 0.167883, 0.206261, 0.238729, 0.267226, 0.292773, 0.31681, 0.339783, 0.361172, 0.382149, 0.402056, 0.42054, 0.438958, 0.457116, 0.474671, 0.491437, 0.507838, 0.524238, 0.540342, 0.556304, 0.572291, 0.587896, 0.60322, 0.618365, 0.633345, 0.648222, 0.663321, 0.678281, 0.693173, 0.707943, 0.722834, 0.737449, 0.752134, 0.76705, 0.781552, 0.796286, 0.810939, 0.825831, 0.840725, 0.855687, 0.870545, 0.885296, 0.900677, 0.91593, 0.931393, 0.947017, 0.962473, 0.978503, 0.994082, 1.00996, 1.02593, 1.04238, 1.05928, 1.07612, 1.09334, 1.11072, 1.12803, 1.14586, 1.164, 1.18274, 1.20105, 1.21982, 1.23882, 1.25823, 1.27804, 1.29819, 1.31901, 1.34026, 1.36226, 1.38435, 1.40733, 1.43106, 1.45506, 1.47986, 1.50548, 1.53176, 1.55915, 1.58781, 1.61677, 1.64734, 1.6792, 1.71278, 1.74763, 1.78428, 1.82281, 1.86306, 1.90748, 1.95338, 2.00358, 2.05992, 2.1194, 2.18502, 2.2588, 2.34391, 2.44212, 2.55973, 2.71337, 2.91816, 3.27107, 8.09393, 

npart boundaries: 
0, 2, 2, 2, 2, 2, 2, 2, 2, 2, 2, 2, 2, 2, 2, 2, 2, 2, 2, 2, 2, 2, 2, 2, 2, 2, 2, 2, 2, 2, 2, 2, 2, 2, 2, 2, 2, 2, 2, 2, 2, 2, 2, 2, 2, 2, 2, 2, 2, 2, 2, 2, 2, 2, 2, 2, 2, 2, 2, 2, 2, 2, 2, 2, 2, 2, 2, 2, 2, 2, 2, 2, 2, 2, 2, 2, 2, 2, 2, 2, 2, 2, 2, 2, 2, 2, 2, 2, 2, 2, 2, 2, 2, 2, 2, 2, 2, 2, 2, 2, 2, 

etfwd boundaries: 
0, 5.13525, 6.41837, 7.50678, 8.47467, 9.40151, 10.2537, 11.0925, 11.8799, 12.6734, 13.4377, 14.1757, 14.8998, 15.606, 16.2961, 16.9797, 17.6339, 18.29, 18.9279, 19.5528, 20.1766, 20.8048, 21.4302, 22.0177, 22.6127, 23.1986, 23.7664, 24.3292, 24.8893, 25.4456, 25.9877, 26.5248, 27.0473, 27.5858, 28.1099, 28.6316, 29.154, 29.6666, 30.1798, 30.7021, 31.2149, 31.7227, 32.2364, 32.7503, 33.2592, 33.7645, 34.2686, 34.7897, 35.3041, 35.8199, 36.3324, 36.8456, 37.3604, 37.8863, 38.4117, 38.9528, 39.4868, 40.0162, 40.5508, 41.1024, 41.6433, 42.1946, 42.7597, 43.3249, 43.8948, 44.4711, 45.0583, 45.6412, 46.2386, 46.8561, 47.4714, 48.1316, 48.7884, 49.4462, 50.1136, 50.8031, 51.5167, 52.2446, 52.9978, 53.7618, 54.5614, 55.3813, 56.2278, 57.1203, 58.0284, 58.9885, 59.9937, 61.0412, 62.18, 63.3914, 64.6783, 66.0776, 67.6293, 69.3386, 71.2105, 73.4138, 75.9499, 79.0795, 83.3069, 90.1257, 169.545, 

weighted_etfwd boundaries: 
0, 1.38232, 1.73124, 2.02518, 2.28613, 2.53738, 2.77386, 2.99794, 3.21531, 3.42798, 3.6386, 3.83386, 4.02807, 4.2184, 4.40489, 4.59187, 4.77013, 4.94412, 5.1195, 5.29053, 5.46122, 5.62658, 5.79305, 5.95521, 6.11541, 6.27185, 6.4263, 6.57565, 6.7251, 6.8748, 7.02028, 7.16755, 7.31296, 7.45592, 7.59672, 7.74013, 7.88216, 8.02309, 8.16585, 8.30649, 8.45065, 8.58863, 8.72782, 8.86889, 9.00729, 9.14388, 9.28228, 9.42324, 9.56547, 9.70714, 9.85275, 9.99402, 10.1381, 10.2822, 10.4237, 10.5707, 10.7161, 10.8654, 11.0147, 11.1612, 11.3161, 11.4664, 11.6202, 11.7735, 11.9281, 12.0847, 12.247, 12.4097, 12.5772, 12.7469, 12.9227, 13.1002, 13.2779, 13.4644, 13.6554, 13.8525, 14.0484, 14.2514, 14.4619, 14.678, 14.9055, 15.1338, 15.3729, 15.6213, 15.8901, 16.1632, 16.456, 16.7603, 17.0878, 17.4358, 17.8125, 18.2192, 18.6654, 19.1626, 19.7319, 20.3898, 21.1603, 22.1351, 23.51, 25.8327, 282.386, 

