impact_param boundaries: 
0, 1.3185, 1.86989, 2.29669, 2.65617, 2.97312, 3.27159, 3.54223, 3.79198, 4.02516, 4.25013, 4.46254, 4.66698, 4.86625, 5.05397, 5.23682, 5.41797, 5.5874, 5.75448, 5.91516, 6.07451, 6.23275, 6.38354, 6.53081, 6.67723, 6.81611, 6.95357, 7.096, 7.23493, 7.37114, 7.50717, 7.6445, 7.77606, 7.90483, 8.03488, 8.16175, 8.28537, 8.40937, 8.53118, 8.65143, 8.77201, 8.89118, 9.00644, 9.12281, 9.24031, 9.35504, 9.46606, 9.57906, 9.69226, 9.80439, 9.9172, 10.0252, 10.1326, 10.2423, 10.3502, 10.4579, 10.5661, 10.6728, 10.7779, 10.8845, 10.989, 11.0936, 11.1975, 11.3028, 11.4074, 11.5106, 11.6152, 11.7184, 11.8224, 11.9249, 12.0243, 12.1252, 12.2258, 12.3282, 12.4299, 12.5331, 12.6354, 12.7379, 12.8387, 12.9391, 13.0384, 13.1385, 13.2407, 13.3421, 13.444, 13.5468, 13.654, 13.763, 13.8763, 13.9915, 14.1112, 14.2358, 14.3709, 14.5146, 14.6712, 14.8473, 15.0493, 15.3009, 15.6341, 16.1531, 21.9822, 

npart boundaries: 
0, 2, 2, 3, 3, 4, 4, 5, 5, 6, 7, 7, 8, 9, 10, 11, 12, 13, 14, 16, 17, 18, 20, 21, 23, 25, 27, 28, 30, 33, 35, 37, 39, 41, 44, 46, 49, 52, 54, 57, 60, 63, 66, 69, 73, 76, 79, 83, 86, 90, 94, 97, 101, 105, 110, 114, 118, 122, 127, 131, 136, 140, 145, 150, 155, 160, 165, 171, 176, 181, 187, 193, 199, 205, 211, 217, 223, 229, 235, 242, 248, 255, 262, 269, 276, 284, 291, 299, 307, 315, 323, 331, 339, 348, 356, 365, 374, 383, 391, 399, 415, 

etfwd boundaries: 
0, 18.783, 25.8956, 31.7316, 36.7343, 41.4103, 46.0143, 50.4463, 55.0696, 59.8887, 64.6968, 69.9305, 75.6281, 81.7182, 88.5424, 96.0926, 104.178, 112.848, 122.462, 132.535, 143.612, 155.213, 167.576, 180.646, 195.352, 210.566, 226.322, 243.419, 261.428, 280.629, 300.677, 321.708, 343.938, 367.362, 391.714, 417.451, 445.163, 473.052, 502.447, 532.518, 564.936, 597.846, 632.024, 666.714, 703.459, 741.326, 780.076, 820.882, 863.036, 906.056, 950.683, 996.933, 1044, 1093.83, 1144.95, 1197.2, 1251.24, 1305.46, 1361.42, 1418.57, 1478.39, 1539.94, 1602.67, 1667.54, 1734.23, 1803.18, 1874.51, 1947.37, 2023.3, 2100.76, 2178.79, 2260.13, 2343.69, 2426.39, 2516.01, 2604.45, 2692.2, 2785.26, 2880.67, 2978.74, 3078.42, 3182.29, 3289.69, 3401.69, 3515.44, 3636.06, 3757.52, 3883.88, 4017.71, 4151.37, 4291.75, 4442.43, 4590.98, 4750.98, 4921.07, 5094.15, 5281.78, 5480.22, 5686.33, 5928.41, 6840.32, 

weighted_etfwd boundaries: 
0, 188.318, 276.545, 356.075, 441.855, 543.989, 688.165, 879.82, 1111.26, 1394.21, 1755.27, 2184.67, 2718.21, 3361.44, 4151.24, 5105.38, 6210.42, 7524, 9083.46, 10957.8, 13166.2, 15783.2, 18814.2, 22377.4, 26598.1, 31430, 37065, 43453.3, 50881.7, 59364.3, 68897.5, 79583.7, 91881.6, 105454, 121016, 138113, 157538, 178459, 201234, 227002, 255427, 286155, 319044, 355029, 394576, 436816, 481824, 529395, 581421, 637236, 696412, 758691, 825145, 895887, 970445, 1.04868e+06, 1.12978e+06, 1.21202e+06, 1.29879e+06, 1.39084e+06, 1.48563e+06, 1.5861e+06, 1.68956e+06, 1.79637e+06, 1.90465e+06, 2.01807e+06, 2.13627e+06, 2.25785e+06, 2.38268e+06, 2.50954e+06, 2.63943e+06, 2.77025e+06, 2.90238e+06, 3.03967e+06, 3.1794e+06, 3.32007e+06, 3.46065e+06, 3.60557e+06, 3.75195e+06, 3.89855e+06, 4.04868e+06, 4.20414e+06, 4.36108e+06, 4.52192e+06, 4.68523e+06, 4.85286e+06, 5.02213e+06, 5.19355e+06, 5.37194e+06, 5.55289e+06, 5.73845e+06, 5.93328e+06, 6.12704e+06, 6.3289e+06, 6.5436e+06, 6.75784e+06, 6.99054e+06, 7.23663e+06, 7.49027e+06, 7.79028e+06, 8.98232e+06, 

