impact_param boundaries: 
0, 1.31359, 1.8714, 2.30769, 2.67757, 2.99419, 3.28428, 3.55492, 3.80533, 4.04146, 4.26545, 4.48267, 4.68512, 4.88004, 5.07111, 5.24911, 5.43214, 5.60621, 5.77462, 5.93768, 6.09838, 6.26215, 6.41673, 6.56787, 6.71419, 6.85761, 6.99976, 7.14128, 7.28103, 7.4185, 7.55519, 7.68848, 7.82074, 7.95219, 8.08063, 8.20733, 8.33079, 8.45228, 8.57555, 8.69632, 8.81596, 8.93423, 9.05566, 9.17497, 9.29348, 9.40746, 9.52337, 9.63551, 9.74917, 9.86537, 9.97605, 10.0853, 10.1971, 10.3065, 10.4156, 10.5232, 10.6334, 10.7398, 10.8494, 10.9584, 11.0651, 11.1722, 11.2771, 11.3825, 11.4855, 11.5905, 11.6955, 11.8007, 11.9058, 12.0077, 12.1123, 12.2157, 12.3188, 12.4213, 12.5237, 12.6253, 12.7277, 12.8286, 12.9305, 13.0311, 13.1316, 13.2345, 13.3365, 13.4424, 13.5475, 13.652, 13.7586, 13.8682, 13.9806, 14.0948, 14.214, 14.3405, 14.4728, 14.6211, 14.7781, 14.9562, 15.1608, 15.4122, 15.7457, 16.2602, 20.5058, 

npart boundaries: 
0, 2, 2, 2, 3, 3, 4, 4, 5, 5, 6, 7, 7, 8, 9, 10, 11, 12, 13, 14, 16, 17, 18, 20, 22, 23, 25, 27, 29, 31, 33, 35, 37, 40, 42, 45, 47, 50, 52, 55, 58, 61, 64, 67, 70, 74, 77, 81, 84, 88, 92, 95, 99, 103, 107, 112, 116, 120, 125, 129, 134, 138, 143, 148, 153, 158, 163, 168, 174, 179, 185, 191, 197, 203, 209, 215, 221, 227, 234, 240, 247, 254, 261, 268, 275, 283, 290, 298, 306, 314, 322, 330, 339, 347, 356, 365, 373, 382, 391, 399, 416, 

etfwd boundaries: 
0, 5.09254, 6.78097, 8.54401, 10.5859, 13.004, 15.8111, 19.128, 22.884, 27.1831, 32.0259, 37.1843, 42.6271, 48.6184, 54.8735, 61.6893, 68.9017, 76.6699, 85.2984, 94.5658, 104.723, 115.597, 126.979, 139.501, 153.046, 167.696, 183.194, 199.453, 216.602, 235.046, 254.445, 275.253, 296.576, 319.321, 343.268, 368.587, 394.888, 421.727, 450.056, 480.188, 511.125, 542.846, 577.662, 612.497, 648.443, 686.446, 725.337, 766.549, 808.114, 850.546, 895.155, 941.523, 988.464, 1036.39, 1086.92, 1139.06, 1193.16, 1248.46, 1305.12, 1363.96, 1423.18, 1484.79, 1546.65, 1609.79, 1676.9, 1744.24, 1815.57, 1887.79, 1962.84, 2038.67, 2117.21, 2197.48, 2280.63, 2365.62, 2452.77, 2540.46, 2631.58, 2726.83, 2823.93, 2923.03, 3025.52, 3129.82, 3239.93, 3351.3, 3466.27, 3585.58, 3707.84, 3836.84, 3966.79, 4102.33, 4243.49, 4388.65, 4543.17, 4704.63, 4872.04, 5045.18, 5229.76, 5429.75, 5639.95, 5887.19, 6896.7, 

weighted_etfwd boundaries: 
0, 11694.8, 15566.3, 19486.8, 23848.9, 29028, 35083.3, 41977.7, 49861.6, 58673.8, 68547.6, 79223.5, 90360.3, 102348, 114754, 128049, 141947, 156837, 173076, 190853, 209597, 229619, 250710, 273639, 298356, 324329, 351797, 381034, 410983, 442863, 476506, 512154, 548546, 587218, 627647, 669654, 713463, 757415, 803259, 852387, 901925, 953014, 1.00746e+06, 1.06277e+06, 1.11864e+06, 1.17802e+06, 1.23834e+06, 1.30061e+06, 1.36415e+06, 1.42698e+06, 1.49478e+06, 1.56418e+06, 1.63322e+06, 1.70366e+06, 1.77664e+06, 1.85287e+06, 1.92968e+06, 2.00853e+06, 2.09035e+06, 2.17171e+06, 2.25516e+06, 2.34022e+06, 2.42604e+06, 2.51318e+06, 2.6043e+06, 2.69768e+06, 2.79208e+06, 2.88956e+06, 2.98899e+06, 3.09049e+06, 3.19351e+06, 3.29708e+06, 3.40589e+06, 3.51622e+06, 3.62878e+06, 3.74012e+06, 3.85721e+06, 3.97829e+06, 4.09927e+06, 4.22421e+06, 4.35108e+06, 4.48101e+06, 4.61593e+06, 4.75197e+06, 4.8934e+06, 5.03749e+06, 5.18711e+06, 5.34182e+06, 5.50034e+06, 5.66315e+06, 5.82996e+06, 6.00469e+06, 6.18683e+06, 6.37837e+06, 6.5761e+06, 6.78013e+06, 6.99959e+06, 7.23562e+06, 7.48804e+06, 7.78346e+06, 9.07211e+06, 

