impact_param boundaries: 
0, 0.118697, 0.168028, 0.20595, 0.238038, 0.266829, 0.292799, 0.316955, 0.339574, 0.361039, 0.381526, 0.401336, 0.420338, 0.43879, 0.45667, 0.474103, 0.491256, 0.508037, 0.524459, 0.540593, 0.556569, 0.572299, 0.587906, 0.603256, 0.618493, 0.633619, 0.648735, 0.663768, 0.678628, 0.69348, 0.708345, 0.723162, 0.737834, 0.752594, 0.767326, 0.78205, 0.796831, 0.811559, 0.826336, 0.841244, 0.856171, 0.871056, 0.886134, 0.901306, 0.916553, 0.931769, 0.947293, 0.962806, 0.978486, 0.994372, 1.01037, 1.0265, 1.04284, 1.05945, 1.0762, 1.09311, 1.11023, 1.12752, 1.14514, 1.16314, 1.18138, 1.19977, 1.21862, 1.23778, 1.25732, 1.27718, 1.29756, 1.31832, 1.33951, 1.3612, 1.38351, 1.40609, 1.42935, 1.45336, 1.4781, 1.50361, 1.52995, 1.5571, 1.58548, 1.61495, 1.64544, 1.67712, 1.71053, 1.74552, 1.78231, 1.8211, 1.86205, 1.90597, 1.95278, 2.00324, 2.05801, 2.11778, 2.1836, 2.25766, 2.34242, 2.44184, 2.56137, 2.71273, 2.92179, 3.27014, 8.26269, 

npart boundaries: 
0, 2, 2, 2, 2, 2, 2, 2, 2, 2, 2, 2, 2, 2, 2, 2, 2, 2, 2, 2, 2, 2, 2, 2, 2, 2, 2, 2, 2, 2, 2, 2, 2, 2, 2, 2, 2, 2, 2, 2, 2, 2, 2, 2, 2, 2, 2, 2, 2, 2, 2, 2, 2, 2, 2, 2, 2, 2, 2, 2, 2, 2, 2, 2, 2, 2, 2, 2, 2, 2, 2, 2, 2, 2, 2, 2, 2, 2, 2, 2, 2, 2, 2, 2, 2, 2, 2, 2, 2, 2, 2, 2, 2, 2, 2, 2, 2, 2, 2, 2, 2, 

etfwd boundaries: 
0, 2.90451, 3.92651, 4.80408, 5.63019, 6.43491, 7.22608, 7.9934, 8.74109, 9.47758, 10.1953, 10.894, 11.5842, 12.254, 12.9093, 13.5577, 14.192, 14.8159, 15.4321, 16.039, 16.6366, 17.2276, 17.8128, 18.3861, 18.9556, 19.5229, 20.0835, 20.6382, 21.1879, 21.7352, 22.282, 22.8271, 23.3664, 23.9007, 24.4326, 24.9643, 25.4924, 26.0201, 26.547, 27.0695, 27.5939, 28.1163, 28.6361, 29.1585, 29.6811, 30.204, 30.7313, 31.2552, 31.781, 32.3101, 32.8418, 33.3764, 33.9094, 34.4487, 34.989, 35.5345, 36.0855, 36.6373, 37.1938, 37.7586, 38.3252, 38.8988, 39.4812, 40.07, 40.67, 41.2725, 41.8869, 42.5068, 43.1403, 43.7814, 44.4356, 45.1028, 45.7866, 46.4841, 47.2006, 47.927, 48.6747, 49.4498, 50.2436, 51.0678, 51.9218, 52.8105, 53.7302, 54.6912, 55.6986, 56.7597, 57.877, 59.0571, 60.3117, 61.6573, 63.1121, 64.6938, 66.4339, 68.3827, 70.6033, 73.1716, 76.28, 80.2631, 85.8789, 95.6093, 203.538, 

weighted_etfwd boundaries: 
0, 6.07038e-05, 8.21392e-05, 0.000100611, 0.000117974, 0.000134892, 0.000151486, 0.000167566, 0.000183234, 0.000198654, 0.000213541, 0.000228262, 0.000242637, 0.000256649, 0.000270432, 0.000284037, 0.000297318, 0.000310396, 0.000323295, 0.000335937, 0.000348542, 0.000360946, 0.000373152, 0.000385265, 0.000397175, 0.000408998, 0.000420761, 0.00043244, 0.00044403, 0.00045555, 0.00046703, 0.000478389, 0.000489684, 0.00050093, 0.000512087, 0.000523295, 0.000534396, 0.000545444, 0.000556519, 0.000567488, 0.000578476, 0.000589459, 0.000600415, 0.000611447, 0.000622457, 0.000633512, 0.000644618, 0.000655768, 0.000666909, 0.000678107, 0.000689316, 0.000700585, 0.000711931, 0.000723318, 0.000734797, 0.000746427, 0.000758019, 0.000769719, 0.000781558, 0.000793509, 0.000805636, 0.000817916, 0.000830283, 0.000842868, 0.000855613, 0.000868547, 0.000881635, 0.000894899, 0.000908458, 0.000922229, 0.000936391, 0.000950761, 0.000965402, 0.000980375, 0.000995732, 0.0010116, 0.00102788, 0.00104468, 0.00106198, 0.00107993, 0.00109853, 0.00111784, 0.00113794, 0.00115891, 0.00118089, 0.00120416, 0.0012286, 0.00125466, 0.00128251, 0.00131235, 0.00134474, 0.0013802, 0.00141941, 0.00146363, 0.0015138, 0.00157292, 0.00164527, 0.00173916, 0.00187353, 0.002105, 0.0288892, 

