impact_param boundaries: 
0, 0.127209, 0.178769, 0.218493, 0.251936, 0.281718, 0.309893, 0.334598, 0.357938, 0.380458, 0.401759, 0.422656, 0.443045, 0.461696, 0.480013, 0.497905, 0.516005, 0.533458, 0.55057, 0.566967, 0.583588, 0.599559, 0.615651, 0.63168, 0.647413, 0.662891, 0.678603, 0.694254, 0.709301, 0.724593, 0.739615, 0.754937, 0.769847, 0.78504, 0.800277, 0.814755, 0.829476, 0.844401, 0.859219, 0.874256, 0.889112, 0.903839, 0.91905, 0.934328, 0.949825, 0.965143, 0.98088, 0.996052, 1.01211, 1.02806, 1.04412, 1.06011, 1.07658, 1.09306, 1.11029, 1.12722, 1.14437, 1.16186, 1.17974, 1.19783, 1.21589, 1.23444, 1.25376, 1.27296, 1.29312, 1.31289, 1.33297, 1.35426, 1.37557, 1.39761, 1.41975, 1.44253, 1.4657, 1.48942, 1.51354, 1.53928, 1.56678, 1.59461, 1.6227, 1.65241, 1.68237, 1.71398, 1.74687, 1.78135, 1.8171, 1.8556, 1.89728, 1.9413, 1.98792, 2.03716, 2.09248, 2.15288, 2.21906, 2.29099, 2.37508, 2.47503, 2.59466, 2.74404, 2.94398, 3.29434, 15.0000, 

npart boundaries: 
0, 1, 1, 1, 1, 1, 1, 1, 1, 1, 1, 2, 2, 2, 2, 2, 2, 2, 2, 2, 2, 2, 2, 2, 2, 2, 2, 2, 2, 2, 2, 2, 2, 2, 2, 2, 2, 2, 2, 2, 2, 2, 2, 2, 2, 2, 2, 2, 2, 2, 2, 2, 2, 2, 2, 2, 2, 2, 2, 2, 2, 2, 2, 2, 2, 2, 2, 2, 2, 2, 2, 2, 2, 2, 2, 2, 2, 2, 2, 2, 2, 2, 2, 2, 2, 2, 2, 2, 2, 2, 2, 2, 2, 2, 2, 2, 2, 2, 2, 2, 2, 

etfwd boundaries: 
0, 2.30667, 2.80792, 3.15132, 3.43343, 3.66952, 3.87789, 4.06304, 4.24024, 4.40206, 4.55668, 4.7095, 4.85465, 4.99605, 5.13394, 5.26548, 5.39669, 5.5273, 5.657, 5.78459, 5.91081, 6.03663, 6.16622, 6.29409, 6.42618, 6.55483, 6.68659, 6.82258, 6.96017, 7.10085, 7.24533, 7.39285, 7.54498, 7.69417, 7.8511, 8.01513, 8.18184, 8.35686, 8.53294, 8.72885, 8.92184, 9.13173, 9.342, 9.56918, 9.80888, 10.0619, 10.3235, 10.601, 10.8845, 11.1917, 11.5063, 11.8414, 12.1874, 12.5536, 12.9237, 13.3227, 13.7393, 14.1667, 14.6208, 15.0909, 15.5621, 16.059, 16.5675, 17.0999, 17.6433, 18.2098, 18.7857, 19.3704, 19.9842, 20.6194, 21.2555, 21.9389, 22.6063, 23.282, 23.9755, 24.6992, 25.4482, 26.2052, 26.9973, 27.804, 28.6432, 29.5168, 30.3945, 31.2929, 32.2607, 33.2814, 34.2867, 35.3729, 36.49, 37.7082, 39.0007, 40.3852, 41.8877, 43.5214, 45.3798, 47.458, 49.9512, 52.9376, 56.8411, 63.1093, 128.237, 

weighted_etfwd boundaries: 
0, 178.241, 217.943, 245.572, 268.011, 286.225, 302.849, 317.295, 331.665, 344.845, 357.463, 369.432, 380.697, 391.812, 403.024, 413.724, 424.07, 434.259, 444.476, 454.769, 464.966, 475.133, 485.331, 495.473, 506.005, 516.32, 526.68, 537.328, 547.932, 558.924, 569.667, 580.734, 592.256, 604.03, 616.391, 628.865, 641.548, 654.469, 668.231, 682.501, 697.179, 711.972, 727.668, 744.048, 760.973, 778.62, 796.875, 815.992, 835.467, 856.085, 877.487, 900.315, 922.657, 946.845, 972.087, 998.991, 1026.38, 1055.43, 1085.45, 1115.72, 1147.35, 1179.82, 1213.13, 1247.26, 1284.41, 1321.33, 1358.79, 1398.69, 1439.99, 1482.1, 1525.89, 1569.28, 1614.76, 1660.46, 1707.75, 1756.18, 1805.32, 1856.03, 1910.06, 1965.56, 2022.63, 2079.77, 2138.93, 2200.42, 2266.17, 2334.71, 2403.47, 2477.29, 2553.24, 2636.31, 2724.06, 2818.44, 2920.31, 3030.73, 3159, 3302.27, 3471.86, 3677.87, 3944.17, 4371.03, 8841.07, 

